10906:
1615343
2098833
1963172
2332580
1183411
1527113
1929214
2508198
1306185
616720
940708
1860007
455500
198932
739008
2216528
2504363
586176
165889
559544
1830229
1576322
2301916
784170
518908
2323032
411724
1597883
2574567
1489324
670865
2193730
1719889
1656997
1233168
371965
819188
1900367
591390
1644536
2065290
1054884
1155703
695465
1777201
164768
238913
617719
2384196
593832
2113360
495810
1238390
1614808
1357727
157706
1812967
2536334
2129593
1191486
2383228
1031374
1946227
1049286
1365904
92987
2004492
2296480
1512089
2459052
1275640
662052
732479
1591369
1830211
1281657
2644587
2623612
190084
416036
1419335
1940588
1798078
922917
1083771
119605
1283624
2611921
693771
1962716
1525381
668470
1383759
2161753
818933
82096
2339019
1394109
1678449
690375
2543603
337761
317117
2328968
1065381
768983
2314797
2463059
76249
575094
1747816
497638
1124628
90695
303093
656167
900571
2405388
584294
1052015
584221
1594368
740041
1224104
2334083
1071006
541811
2347462
664882
1260480
1491795
916129
2097921
2031475
2275881
1972847
209964
894336
367680
1602430
734545
1260379
877127
433333
25696
1989237
481168
1242263
427357
1968824
1769782
2069641
1747154
415890
133071
2039346
1943360
2244779
2137489
1206388
228759
1914969
347209
1692161
2302421
927915
1095122
766869
2259434
1886783
161494
326888
2074250
1653655
1631401
110914
2304761
1751835
1454372
1902828
2053124
1193810
903182
1712451
475816
1196268
588670
987149
1375880
1719665
2375129
1448082
1421718
1167980
290497
1671204
2041909
559056
1453392
65127
195428
2513956
1380162
2157497
1958096
838195
99737
2083744
22528
2487196
35534
2563348
2385072
2077322
1641673
2349565
1071185
1667310
2329005
1822624
774977
17082
859276
559766
138669
2096570
2491566
1913386
2522648
753922
2286166
1352038
1707423
1764421
1187963
2408008
2464060
2059675
1930680
632614
1573496
520846
1395344
1567274
520595
1777888
2123557
2503261
1450994
90021
1087509
2157064
1318686
541160
2125805
916347
1437820
2500414
547388
1847135
2617084
2184320
1554499
73659
1206112
190314
121370
1536618
109384
1046001
1103134
1686419
546733
2647651
1520865
808687
2221212
1728478
2302540
1821477
2130047
2553111
2014260
735947
2512948
1988999
233133
1138203
1742790
615368
984964
2312827
2144228
2016232
1521264
1387726
2551336
931995
1755656
1983088
1856295
1622303
1004959
2145079
42293
1386700
1129774
1014215
212519
1159167
772521
1832498
2070845
414394
1360640
1309711
2647577
880350
1903573
2443422
2573424
2503759
2372980
1960371
2208455
1819082
94542
1041959
1262624
2174749
344251
2553628
2006170
1598707
1139793
588797
445758
2033646
1893908
1253082
2279673
2477549
1207702
1128464
175999
723007
2065804
547712
2074516
678544
1285636
2390083
1447814
241002
1072822
564415
1046776
431907
1502605
1100945
809185
1082872
2096268
141056
307609
1134738
2210032
2119410
1665288
223534
2024982
2365593
804067
297950
1288112
2228844
605682
263836
529389
1611754
571945
488305
609570
1606239
1207809
2117699
470843
319005
2279540
2467119
570435
2170714
1020622
526450
2612895
1649422
1202406
664688
2258866
1889957
1127474
493470
171131
2084452
1993303
989730
865406
2252474
2349146
1959985
428691
328878
1876086
1391022
525266
93473
221701
158433
1985259
611836
1831557
2572600
2579645
2182831
1973268
1000843
393000
139122
2548154
1650205
1378907
1123842
137650
1117820
245509
2365514
1715570
348339
1688214
1408614
2160180
654055
1591016
2497392
1870628
1280751
1254621
1593940
2351336
1594330
2000601
1678396
1307285
2324873
11433
1708756
1565453
720478
1901511
1277299
607165
1897180
165586
1047532
1536966
19983
2240207
602644
741268
1553966
821550
1789038
925796
33242
1200033
2320814
2191876
2120074
2200991
1980935
2111692
923910
2073368
2048941
842478
2057618
2023587
1107030
711786
2597132
1668373
210884
956379
492121
1935132
292739
2636378
2494117
1588856
648535
2631419
1101757
555324
2162823
1624426
216226
1688033
397949
238860
614124
1776395
459416
1162196
37309
1770470
868441
1127528
791324
538769
2231537
1832478
1834711
1218199
1748423
532112
373278
23832
1908474
1375976
1211159
2607171
992284
338400
1940622
1964085
2038253
1481816
1875430
2148140
2304007
1669240
19235
1247324
518809
1659122
1606993
61632
504761
535496
61194
1921
2567272
1377747
2050111
526286
1452102
639130
1100271
877950
783854
258284
2538244
1315903
916268
187372
627923
2538336
2640394
2194870
2133979
554666
1140297
1612256
450711
806546
1626190
681130
2403394
348122
1275698
1074444
727508
2080121
1580842
1575644
1224131
844561
1070805
2514260
1695521
1124124
2067584
2044679
843636
477309
2472740
864196
1169682
2328512
1508351
1782831
1198784
792202
2603647
1104995
2416169
938068
1014924
1268867
698438
739860
540979
1996250
2068432
1202093
2494507
1634357
1898971
2546757
549406
736766
257083
36212
798601
2426467
538000
661881
1254155
2464079
566986
2451794
755541
2501035
1350764
749333
1017110
516125
670251
1019966
1594618
889014
2133028
2200234
1582481
2471255
723490
2634652
326651
448694
773904
2213672
1987779
2356776
430716
846642
2524568
611337
1866780
1399020
2210652
1600926
2276018
2644277
691554
2181205
661511
2580188
1641583
2332508
2257359
1152451
499075
2379225
402781
1321884
2483102
2246014
2416977
864596
1046976
1880010
1287356
791649
1311389
1824779
207156
2557766
214052
2267219
1182824
832159
1680199
2270112
960711
2424589
768904
746910
1911412
1469648
2587024
917155
28551
36650
540242
1575729
1033561
935141
2208011
1477228
1833981
897053
2391624
889717
619489
1948452
1872105
1959005
164785
1005666
1252451
2619753
531634
897129
483474
1101426
1885173
1384931
244199
1239941
1209226
2634324
665708
424527
821917
2571598
2064529
240443
2137485
678118
503613
1934773
1900599
650602
261735
1888362
1732905
253845
1926724
484296
12528
2052676
2241002
8286
394743
2597352
1321368
1587039
2457004
1041755
1584159
1448637
2247512
738520
2070006
795395
131133
1837553
2635757
2322426
2465440
1322658
1412978
1834638
1404734
1083642
403674
2330625
137555
1908552
2541949
878656
953946
1761612
2050707
1197793
2142755
849748
283120
793428
1326745
163874
2402302
1066263
2415601
2497419
1289768
1348398
2633447
1260854
553087
431996
446359
1515819
1760090
1366003
543109
2415365
1456186
1816684
1540291
1099500
2522588
2065143
2418913
830444
535300
971168
687060
2202646
81010
2640853
67754
1020193
1325249
190726
97459
785808
1812290
1262002
1906427
25290
888662
2033535
432859
677235
2290011
1726023
165285
2338008
1168798
254132
917023
977089
795211
196209
1791981
878033
1270071
1896342
1418343
1008300
2047026
1912168
1806810
1622506
2632806
1248655
681618
2633288
1043315
1357823
1930318
2507107
570847
422996
1437424
119935
1302208
403342
353934
1391743
40020
1304686
766922
1375933
1341916
2510558
2187995
987667
514769
307749
109541
2044492
1220714
2359836
2095079
1086438
964757
2453943
1856877
2430758
636867
1208781
747432
2607922
197877
2458162
1534469
1570072
357178
259141
2565607
1092121
2450042
205867
1222925
210348
1257180
780058
2624941
945674
1172697
1492806
193382
2220260
23821
1607160
277726
856292
1283117
84994
541754
2557984
1108629
2345865
1699301
61651
202308
1136881
556920
942327
815737
1393378
2199927
2321556
1415700
1150512
2567604
1709577
1894575
67911
2375459
1520757
757997
530119
2325455
1536017
1666677
1409234
1797067
2550496
2273523
1617192
1214430
996220
2483719
1170942
2440206
2530030
1148741
574550
1485197
1216666
2211705
353242
433603
1137853
1594222
2266942
2088592
304704
1336144
2142365
2327385
1090641
1534827
1269930
1612386
521134
2177652
1807120
2026350
864164
1897956
2207380
2299294
86641
2644093
2167000
2155799
2608920
2329965
1754339
819472
2535994
1275196
2555858
2643369
1185300
9711
1653934
1812109
2567795
609947
700363
684857
1219871
1995748
2172903
1851074
950110
2010391
2235079
1763584
809885
389891
2600275
2374308
1044758
1238762
609699
1499603
1004477
2472137
2510422
1955627
2429665
400529
344345
1100038
1515700
854451
474627
359848
461474
2144189
77128
1960048
222788
229731
1605818
1647497
1882558
2574827
704619
972144
506542
964005
507740
1211038
1661084
912192
2450828
353331
1923402
1469252
1093877
2205221
157188
2253693
2357677
1671220
888408
929628
424548
2048321
2249023
448626
1362796
1562659
1292305
92214
281659
1344473
204459
334632
2164251
268981
1117540
423410
1665518
156128
612116
1102845
873472
485839
114039
1053729
1546703
1188454
564992
1007637
684335
1167730
1149441
1544598
1243280
828419
1671551
1684386
704827
1489240
1119716
2292556
1287593
2484931
280251
2045622
1112912
2462930
257777
1696164
998597
2376208
1427806
748321
2268066
692609
1266759
2319763
2243244
669476
108965
628204
1630028
1258896
510342
1352035
690208
1789593
204358
1798111
518473
510589
678501
765628
1838895
2484684
2556581
835341
1382796
2114140
516584
2179516
7634
2471478
1908844
499064
1222415
2130156
1176165
363692
1873420
1397510
1554712
1359895
2476843
1427226
1504732
238033
1017933
1232442
107138
4421
2416440
421400
818982
744297
1401739
1625083
1234854
2638572
18376
747044
2028268
1194766
1715809
63185
345361
331486
812119
1450882
1634545
729129
1569948
623911
788075
1340538
1641304
956103
581140
1761079
1503516
421845
1903687
1186498
1131034
1971590
2433109
693509
381402
1030885
1738856
416714
1626730
2310093
2243473
1326985
1656658
2019578
818424
2387243
1368124
1220114
31064
283733
1764862
546051
611102
1399711
1887118
1531733
2606100
1648138
2377261
873351
2058769
258985
2325036
933970
1709701
703986
85647
2109648
754208
1873041
1796186
312468
533742
1002224
1222318
31575
1292274
2364994
520507
1383181
953070
509722
1887649
179948
900069
519866
491326
2426584
217417
1133045
2458894
1564887
35564
460612
497492
2203038
1658751
540538
1803252
803848
2594382
252572
1264966
2148207
2062632
1061016
2460943
1292139
2315291
1182360
597388
2079864
1628056
1730470
1433204
775399
1585732
948706
1898973
1894305
1231617
402697
1481256
1276205
77660
1901474
1917709
2183493
1465046
1164732
2399221
1821513
1649445
2153005
858913
180630
723794
2098660
578869
1581586
78714
523435
1910867
2468275
959633
826022
404990
2228351
167766
10078
355611
769895
2571513
1812648
710850
1620799
557252
2620305
1945133
772791
498128
2574085
1508865
935066
2139787
2456650
950583
1049198
360970
2587739
687911
2211493
280787
1641504
1244055
2113992
902838
2198443
1249545
2311372
2142130
2035008
1067678
1016301
817322
206509
1031136
991188
628961
681822
692319
785405
2638967
328283
1879467
1445752
2602911
1514276
856590
1217502
